user_data.h
#ifndef USER_DATA_H
#define USER_DATA_H
//Number of data packets
#define FRAMES 1
//Send data packet every 3000ms
#define FRAME_TIME 6000
const uint8_t dmxArrays [FRAMES][512] = {
{215,215,215,215,215,215,215,215,
215,102,215,102,215,215,102,215,
215,102,215,102,102,215,102,215,
215,102,215,102,215,102,102,215,
215,102,215,102,215,102,102,215,
215,102,215,215,215,215,102,215,
215,102,102,102,102,215,102,215,
215,215,215,215,215,215,215,215,
215,215,215,215,215,215,215,215,
215,102,215,102,215,215,102,215,
215,102,215,102,102,215,102,215,
215,102,215,102,215,102,102,215,
215,102,215,102,215,102,102,215,
215,102,215,215,215,215,102,215,
215,102,102,102,102,215,102,215,
215,215,215,215,215,215,215,215,
0,0,0,0,0,0,0,0,
0,0,0,0,0,0,0,0,
0,0,0,0,0,0,0,0,
0,0,0,0,0,0,0,0,
0,0,0,0,0,0,0,0,
0,0,0,0,0,0,0,0,
0,0,0,0,0,0,0,0,
0,0,0,0,0,0,0,0,
0,0,0,0,0,0,0,0,
0,0,0,0,0,0,0,0,
0,0,0,0,0,0,0,0,
0,0,0,0,0,0,0,0,
0,0,0,0,0,0,0,0,
0,0,0,0,0,0,0,0,
0,0,0,0,0,0,0,0,
0,0,0,0,0,0,0,0,
215,215,215,215,215,215,215,215,
215,102,215,102,215,215,102,215,
215,102,215,102,102,215,102,215,
215,102,215,102,215,102,102,215,
215,102,215,102,215,102,102,215,
215,102,215,215,215,215,102,215,
215,102,102,102,102,215,102,215,
215,215,215,215,215,215,215,215,
215,215,215,215,215,215,215,215,
215,102,215,102,215,215,102,215,
215,102,215,102,102,215,102,215,
215,102,215,102,215,102,102,215,
215,102,215,102,215,102,102,215,
215,102,215,215,215,215,102,215,
215,102,102,102,102,215,102,215,
215,215,215,215,215,215,215,215,
Page 1
user_data.h
0,0,0,0,0,0,0,0,
0,0,0,0,0,0,0,0,
0,0,0,0,0,0,0,0,
0,0,0,0,0,0,0,0,
0,0,0,0,0,0,0,0,
0,0,0,0,0,0,0,0,
0,0,0,0,0,0,0,0,
0,0,0,0,0,0,0,0,
0,0,0,0,0,0,0,0,
0,0,0,0,0,0,0,0,
0,0,0,0,0,0,0,0,
0,0,0,0,0,0,0,0,
0,0,0,0,0,0,0,0,
0,0,0,0,0,0,0,0,
0,0,0,0,0,0,0,0,
0,0,0,0,0,0,0,0},
{215,140,172,215,172,129,86,81,215,60,96,129,87,96,60,166,135,103,139,96,96,139,18,166,
92,96,139,139,139,139,54,54,98,96,139,139,96,96,96,96,97,139,139,139,96,96,140,60,54,13
8,139,96,139,139,176,60,97,139,138,54,54,54,54,38,81,81,124,172,215,215,215,215,166,161
,124,81,86,178,215,215,161,161,118,81,133,97,177,215,6,161,118,81,170,133,97,172,12,161
,118,81,128,176,96,134,124,161,118,81,86,176,132,97,118,118,81,81,81,176,175,96,81,81,8
1,81,86,175,175,96,0,0,0,0,0,0,0,0,0,0,0,0,0,0,0,0,0,0,0,0,0,0,0,0,0,0,0,0,0,0,0,0,0,0,
0,0,0,0,0,0,0,0,0,0,0,0,0,0,0,0,0,0,0,0,0,0,0,0,0,0,0,0,0,0,0,0,0,0,0,0,0,0,0,0,0,0,0,0
,0,0,0,0,0,0,0,0,0,0,0,0,0,0,0,0,0,0,0,0,0,0,0,0,0,0,0,0,0,0,0,0,0,0,0,0,0,0,0,0,0,0,0,
0,0,0,0,0,0,0,97,96,139,96,60,54,38,38,97,96,138,139,60,60,97,97,134,60,96,139,96,96,96
,60,172,54,96,139,139,96,96,54,215,134,54,96,96,96,96,96,215,172,91,54,96,96,96,96,215,
215,129,92,54,54,60,60,215,215,172,129,92,92,48,48,97,91,38,38,85,175,132,96,96,54,38,3
8,133,175,139,97,54,44,43,91,138,138,96,134,54,49,97,139,138,96,96,178,96,96,96,96,96,9
6,134,215,96,96,96,96,96,91,172,215,96,96,96,54,91,129,215,215,54,48,91,92,129,172,215,
215,0,0,0,0,0,0,0,0,0,0,0,0,0,0,0,0,0,0,0,0,0,0,0,0,0,0,0,0,0,0,0,0,0,0,0,0,0,0,0,0,0,0
,0,0,0,0,0,0,0,0,0,0,0,0,0,0,0,0,0,0,0,0,0,0,0,0,0,0,0,0,0,0,0,0,0,0,0,0,0,0,0,0,0,0,0,
0,0,0,0,0,0,0,0,0,0,0,0,0,0,0,0,0,0,0,0,0,0,0,0,0,0,0,0,0,0,0,0,0,0,0,0,0,0,0,0,0,0,0},
{215,215,215,215,215,215,215,215,215,215,78,78,78,215,215,215,215,78,162,215,162,78,78,
78,215,78,174,0,174,78,162,162,215,215,0,0,0,121,157,157,215,37,157,174,174,174,174,174
,215,37,174,96,6,6,6,6,215,37,157,174,174,174,174,174,215,215,215,215,215,215,215,215,2
15,215,215,78,78,78,215,215,78,78,78,162,215,162,78,215,162,162,78,174,0,174,78,215,157
,157,121,0,0,0,215,215,174,174,174,174,174,157,37,215,6,6,6,6,96,174,37,215,174,174,174
,174,174,157,37,215,0,0,0,0,0,0,0,0,0,0,0,0,0,0,0,0,0,0,0,0,0,0,0,0,0,0,0,0,0,0,0,0,0,0
,0,0,0,0,0,0,0,0,0,0,0,0,0,0,0,0,0,0,0,0,0,0,0,0,0,0,0,0,0,0,0,0,0,0,0,0,0,0,0,0,0,0,0,
0,0,0,0,0,0,0,0,0,0,0,0,0,0,0,0,0,0,0,0,0,0,0,0,0,0,0,0,0,0,0,0,0,0,0,0,0,0,0,0,0,0,0,0
,0,0,0,0,0,0,0,215,215,37,0,0,0,0,0,215,215,37,121,121,157,121,121,215,37,162,162,78,16
2,78,157,215,37,157,162,37,162,37,157,215,37,162,157,37,174,37,0,215,37,0,0,174,157,0,2
15,215,215,215,215,0,0,215,215,215,215,215,215,215,215,215,215,0,0,0,0,0,37,215,215,121
,121,157,121,121,37,215,215,157,78,162,78,162,162,37,215,157,37,162,37,162,157,37,215,0
,37,174,37,157,162,37,215,215,0,157,174,0,0,37,215,215,215,0,0,215,215,215,215,215,215,
215,215,215,215,215,215,0,0,0,0,0,0,0,0,0,0,0,0,0,0,0,0,0,0,0,0,0,0,0,0,0,0,0,0,0,0,0,0
,0,0,0,0,0,0,0,0,0,0,0,0,0,0,0,0,0,0,0,0,0,0,0,0,0,0,0,0,0,0,0,0,0,0,0,0,0,0,0,0,0,0,0,
0,0,0,0,0,0,0,0,0,0,0,0,0,0,0,0,0,0,0,0,0,0,0,0,0,0,0,0,0,0,0,0,0,0,0,0,0,0,0,0,0,0,0,0
,0,0,0,0,0,0,0,0,0},
{215,215,215,215,215,24,24,24,215,215,215,215,24,24,24,24,215,215,215,215,84,84,84,138,
215,215,215,84,138,84,138,138,215,215,215,84,138,84,84,138,215,215,215,84,84,138,138,13
8,215,215,215,215,215,138,138,138,215,215,215,215,84,84,24,84,24,24,215,215,215,215,215
,215,24,24,24,24,24,215,215,215,138,84,138,215,215,215,215,215,138,84,138,138,138,215,2
15,215,138,138,84,138,138,138,215,215,138,84,84,84,84,215,215,215,138,138,138,138,215,2
15,215,215,84,24,215,215,215,215,215,215,0,0,0,0,0,0,0,0,0,0,0,0,0,0,0,0,0,0,0,0,0,0,0,
0,0,0,0,0,0,0,0,0,0,0,0,0,0,0,0,0,0,0,0,0,0,0,0,0,0,0,0,0,0,0,0,0,0,0,0,0,0,0,0,0,0,0,0
,0,0,0,0,0,0,0,0,0,0,0,0,0,0,0,0,0,0,0,0,0,0,0,0,0,0,0,0,0,0,0,0,0,0,0,0,0,0,0,0,0,0,0,
0,0,0,0,0,0,0,0,0,0,0,0,0,0,0,0,0,0,215,215,215,84,84,84,24,84,215,215,84,84,84,84,24,2
4,215,215,138,138,84,24,175,24,215,215,138,138,138,24,24,24,215,215,138,138,24,24,24,24
,215,215,215,215,24,24,24,215,215,215,215,84,84,84,215,215,215,215,84,84,84,84,215,215,
84,24,84,84,84,215,215,215,24,24,84,84,84,84,215,215,24,175,24,84,138,138,215,215,24,24
,24,138,138,138,215,215,24,24,24,24,138,138,215,215,215,24,24,24,215,215,215,215,215,21
Page 2
user_data.h
5,84,84,84,215,215,215,215,215,84,84,84,84,215,215,0,0,0,0,0,0,0,0,0,0,0,0,0,0,0,0,0,0,
0,0,0,0,0,0,0,0,0,0,0,0,0,0,0,0,0,0,0,0,0,0,0,0,0,0,0,0,0,0,0,0,0,0,0,0,0,0,0,0,0,0,0,0
,0,0,0,0,0,0,0,0,0,0,0,0,0,0,0,0,0,0,0,0,0,0,0,0,0,0,0,0,0,0,0,0,0,0,0,0,0,0,0,0,0,0,0,
0,0,0,0,0,0,0,0,0,0,0,0,0,0,0,0,0,0,0,0,0,0,0}
};
#endif /* USER_DATA_H */
Page 3